h =

   5.6036e-14
   2.1454e-11
   5.2661e-14
   8.1301e-17
   2.8006e-17
   6.7193e-17
   1.3360e-15
   4.3348e-08
   3.9375e-17
   1.1522e-13
   4.2976e-17
   5.9031e-16
   1.7748e-17
   5.9010e-10
   2.5794e-13
   1.8557e-10
   2.2004e-16
   3.7679e-14
   7.0104e-08
   4.3796e-15
   1.2145e-15
   6.0108e-12
   8.9551e-16
   4.8610e-11
   1.2681e-15
   5.9373e-15
   3.8702e-10
   1.1928e-11
   6.6950e-09
   4.6267e-13
   2.7479e-04
   1.0830e-16
   2.3851e-20
   1.9995e-15
   1.0720e-18
   1.6326e-14
   1.4416e-14
   3.3385e-15
   3.6302e-19
   2.2765e-20
   3.5781e-16
   1.8223e-12
   2.0847e-12
   3.0128e-15
   1.7235e-12
   3.3871e-18
   1.0507e-14
   1.2784e-16
   9.6622e-13
   7.0586e-11
   4.7469e-17
   5.1845e-14
   1.7172e-16
   7.5079e-14
   1.0187e-16
   3.0952e-16
   2.9622e-14
   4.8337e-13
   6.7182e-16
   3.0482e-15
   4.3668e-15
   1.6715e-16
   3.2392e-19
   1.2473e-13
   1.9209e-13
   7.3242e-14
   2.4077e-17
   1.0252e-16
   1.6934e-16
   1.0337e-18
   2.5136e-13
   2.2048e-12
   7.6751e-16
   2.6888e-17
   4.1923e-18
   8.4071e-15
   3.4862e-17
   1.7402e-13
   8.6229e-13
   1.5984e-12
   5.4895e-18
   6.4545e-15
   5.5172e-16
   1.7264e-16
   4.4129e-15
   1.3219e-14
   6.2676e-12
   3.5596e-12
   1.2346e-16
   1.1235e-08
   7.1164e-16
   5.8857e-14
   1.2162e-13
   5.6289e-15
   1.2455e-14
   6.9034e-12
   1.2296e-13
   3.4295e-12
   1.8048e-11
   1.8738e-16
   3.1584e-09
   1.5881e-09
   1.1857e-14
   1.1819e-10
   3.4848e-09
   2.9489e-17
   4.9094e-12
   3.8399e-11
   1.9498e-09
   1.0977e-07
   5.0523e-15
   2.5787e-12
   9.4652e-08
   2.6960e-14
   2.9301e-08
   6.3757e-19
   3.5310e-16
   2.9853e-17
   8.2928e-16
   3.6665e-14
   7.2817e-08
   9.5711e-17
   3.3949e-14
   6.0781e-16
   1.3812e-16
   3.1166e-20
   1.2894e-13
   1.2508e-18
   9.0660e-19
   1.8470e-12
   9.8857e-14
   1.4033e-11
   1.1397e-15
   5.2445e-12
   1.2544e-16
   9.0980e-16
   4.3000e-18
   1.2050e-18
   3.6845e-20
   1.1081e-17
   1.6532e-15
   9.5892e-18
   2.4321e-04
   1.1435e-17
   7.7127e-12
   1.7821e-16
   5.8602e-16
   3.6920e-18
   4.6266e-09
   5.2373e-13
   9.9250e-11
   5.3241e-16
   1.6078e-14
   2.9225e-12
   5.9169e-12
   2.3379e-12
   4.4824e-12
   2.6431e-19
   4.8678e-13
   3.4591e-15
   8.8504e-17
   3.5832e-20
   1.5289e-15
   6.3071e-14
   6.6056e-12
   1.1812e-17
   5.0389e-12
   7.6540e-11
   3.6959e-11
   1.3739e-13
   1.4752e-07
   1.1957e-13
   9.7733e-11
   1.6452e-15
   6.9742e-16
   2.6617e-16
   1.9209e-13
   1.2260e-05
   6.0810e-16
   2.0067e-18
   3.2742e-07
   5.4523e-18
   3.0218e-06
   8.8812e-19
   5.2610e-21
   6.1021e-07
   3.3518e-17
   6.8979e-19
   8.6655e-17
   6.8701e-16
   1.7527e-16
   9.1416e-20
   1.6478e-13
   3.1139e-14
   1.5391e-10
   2.6344e-18
   2.9685e-14
   7.4526e-15
   3.6138e-16
   4.4389e-14
   8.1305e-12
   3.1312e-19
   3.9231e-13
   6.4396e-17
   2.1400e-17
   1.5916e-16
   1.5483e-17
   5.8819e-11
   2.5783e-13
   9.6862e-12
   7.3264e-14
   1.0101e-15
   7.1313e-17
   4.2194e-17
   7.2145e-14
   1.9797e-13
   1.5567e-10
   2.0065e-15
   3.1500e-16
   3.3222e-17
   7.9625e-14
   7.7731e-07
   6.0031e-13
   1.2877e-12
   1.1281e-15
   4.8115e-14
   9.5335e-14
   1.6643e-18
   4.2518e-18
   2.5692e-10
   1.3881e-16
   3.1071e-13
   1.1097e-17
   7.7982e-18
   1.3859e-13
   3.0917e-15
   4.1339e-11
   9.7887e-18
   5.0941e-12
   4.7471e-14
   3.9736e-18
   1.0897e-15
   5.7273e-14
   2.3803e-13
   6.9921e-16
   5.3006e-17
   4.1892e-14
   1.4297e-15
   1.0129e-07
   9.1648e-16
   5.4841e-16
   6.2869e-16
   7.6442e-19
   4.2471e-12
   2.4155e-13
   2.8075e-16
   1.3238e-11
   2.9555e-05
   3.9157e-13
   5.6454e-11
   1.5165e-12
   2.7991e-04
   1.3589e-14
   1.9964e-11
   5.7558e-18
   1.9961e-13
   1.6586e-17
   2.3161e-08
   3.1832e-11
   1.0101e-12
   5.7348e-19
   9.2060e-14
   6.2422e-14
   1.6770e-09
   8.9055e-10
   1.9468e-11
   6.2933e-16
   3.1454e-17
   1.5934e-15
   1.8020e-17
   8.6174e-09
   9.2755e-15
   1.2703e-14
   1.8968e-13
   1.8830e-13
   2.8859e-12
   3.0285e-12
   9.2599e-14
   1.5696e-15
   8.2220e-13
   7.1385e-19
   1.5159e-14
   2.5905e-12
   2.5272e-14
   2.4219e-16
   1.6217e-14
   1.1260e-12
   1.7351e-13
   1.6617e-12
   3.7207e-13
   2.2956e-16
   1.5761e-14
   8.9494e-16
   1.3445e-15
   4.5815e-18
   1.5063e-15
   1.6364e-13
   3.8442e-14
   3.8827e-18
   1.1918e-16
   2.4243e-20
   2.8736e-15
   1.6060e-17
   2.0850e-17
   1.5663e-13
   4.8317e-18
   1.6513e-08
   5.9080e-16
   4.1153e-14
   4.7408e-12
   3.8179e-07
   1.1755e-18
   9.4709e-08
   4.4643e-14
   1.1248e-13
   9.0212e-15
   1.9763e-11
   4.3694e-13
   2.2559e-11
   5.6068e-11
   1.2054e-17
   1.4338e-12
   2.6558e-16
   5.6036e-18
   1.0222e-10
   3.9517e-13
   1.9211e-10
   1.5317e-18
   5.5787e-15
   1.1488e-17
   2.2712e-14
   7.5717e-09
   8.3659e-08
   7.7109e-17
   4.0344e-21
   6.3601e-12
   4.2240e-14
   3.4016e-11
   3.0309e-16
   5.7128e-12
   5.1165e-12
   3.0047e-09
   4.6675e-05
   4.2191e-18
   1.8948e-17
   5.2367e-12
   3.5229e-09
   4.3227e-16
   1.6995e-10
   7.5325e-14
   1.7483e-15
   6.0488e-11
   1.2020e-14
   3.3987e-13
   6.5763e-16
   1.9169e-15
   1.1628e-14
   1.1597e-12
   1.2871e-15
   3.0908e-11
   2.3722e-10
   9.6047e-07
   4.6839e-18
   4.2946e-13
   1.1168e-13
   5.3899e-18
   2.6346e-10
   2.5881e-14
   2.0112e-11
   1.5194e-19
   4.5525e-14
   1.0332e-13
   4.5433e-19
   3.8410e-18
   5.1705e-18
   8.9290e-15
   3.6067e-17
   6.1487e-17
   2.8889e-14
   7.4790e-14
   1.0628e-16
   2.3378e-21
   1.8050e-09
   1.9388e-16
   1.4601e-15
   5.8988e-17
   8.3730e-19
   1.3858e-14
   2.1309e-15
   1.2253e-13
   1.0464e-15
   2.3041e-15
   1.0684e-13
   2.5791e-10
   3.0223e-15
   2.1000e-05
   4.0991e-07
   1.3350e-14
   5.2808e-08
   2.0491e-15
   4.7806e-11
   1.5817e-13
   4.0393e-12
   1.3603e-13
   1.1847e-14
   4.5261e-13
   1.0357e-14
   4.3187e-18
   1.3419e-16
   1.8260e-12
   2.1523e-12
   5.5032e-13
   8.8069e-12
   2.0900e-12
   4.4253e-14
   1.3959e-14
   1.0431e-18
   3.0907e-14
   1.3542e-08
   2.6034e-11
   1.3767e-18
   1.2114e-15
   2.6287e-08
   1.2328e-16
   2.1780e-15
   1.7361e-16
   1.5986e-20
   1.0943e-14
   1.2288e-18
   1.1417e-13
   3.6273e-15
   4.1983e-14
   1.6228e-17
   2.3890e-08
   4.4615e-17
   6.0107e-19
   3.2951e-08
   7.7715e-12
   4.8783e-20
   6.1612e-12
   1.5641e-09
   1.2917e-14
   3.3559e-10
   9.0378e-08
   1.1442e-13
   2.2906e-19
   6.6470e-08
   4.3056e-16
   1.9509e-10
   3.8337e-13
   1.1920e-12
   1.3040e-08
   2.7321e-15
   5.8790e-16
   3.0090e-22
   6.2125e-13
   3.5078e-14
   5.0081e-14
   8.4978e-19
   1.9242e-10
   1.3061e-14
   1.2050e-10
   1.6522e-14
   7.8392e-17
   2.0055e-14
   1.9548e-16
   2.6073e-16
   5.9179e-13
   3.2472e-11
   2.3524e-15
   3.1429e-17
   1.3199e-18
   3.6817e-14
   6.3958e-15
   5.3635e-06
   1.5179e-12
   6.0703e-15
   2.0891e-13
   4.1778e-07
   5.9804e-12
   3.9191e-13
   1.8189e-16
   7.2882e-13
   2.1076e-20
   8.6771e-12
   1.8312e-16
   2.6447e-08
   1.5092e-15
   1.9051e-16
   9.9403e-11
   9.9547e-01
   9.9899e-01
   9.9062e-01
   9.9049e-01
   9.9671e-01
   9.1905e-01
   9.9890e-01
   9.9343e-01
   9.9825e-01
   6.6137e-01
   9.8547e-01
   9.9701e-01
   9.9180e-01
   9.1166e-01
   9.8664e-01
   9.9524e-01
   9.7922e-01
   9.9989e-01
   9.9833e-01
   9.7798e-01
   9.9926e-01
   5.4103e-01
   9.8940e-01
   9.9679e-01
   9.9090e-01
   9.9489e-01
   9.6758e-01
   9.8236e-01
   9.9752e-01
   9.8443e-01
   9.9866e-01
   7.1565e-01
   9.9650e-01
   9.9879e-01
   9.9782e-01
   9.9489e-01
   9.8092e-01
   9.9338e-01
   9.7674e-01
   9.9010e-01
   9.9984e-01
   9.9814e-01
   9.8954e-01
   9.8398e-01
   9.9195e-01
   9.9428e-01
   9.8210e-01
   9.7737e-01
   9.6063e-01
   9.4190e-01
   9.9747e-01
   9.9625e-01
   9.9570e-01
   9.9735e-01
   9.8775e-01
   9.7298e-01
   9.8544e-01
   9.9825e-01
   9.9838e-01
   9.9106e-01
   9.5208e-01
   1.0440e-01
   9.9012e-01
   9.9455e-01
   8.5101e-01
   9.3090e-01
   9.6307e-01
   9.9625e-01
   8.7813e-01
   6.1574e-01
   8.9257e-01
